2 0.22647413417548118 0.48928227592664203 0.05274875979011769 0.20128057949370598
2 0.6353238058202996 0.5024508554692968 0.04877931464754299 0.1856136225701396
2 0.4743500387230239 0.5041825487807663 0.05341915653440187 0.1784580266733564
2 0.3806000387230239 0.5030916687680397 0.04260184884209418 0.17833215590265702
2 0.3133203214854705 0.5035103959383898 0.042853624473344246 0.1891494635949647
2 0.5719016334447654 0.513728847255521 0.042657798982371986 0.18073600205650317
2 0.6897180700533657 0.5163013631689468 0.04394364726971171 0.1843557569284613
2 0.7763684318723828 0.522116021642233 0.06007219853221157 0.20617218564853113
2 0.890607074320353 0.5258485037090155 0.05395068286704084 0.20129456513489485
2 0.1538841783067846 0.5196791518141249 0.05020503828557709 0.19524299282671295
4 0.557842232433494 0.5291860195612553 0.12061394362248953 0.12276482360573358
2 0.05183261704887864 0.523298064620769 0.05655035451185915 0.20973599795573386
4 0.3138798228882483 0.5275488574768512 0.11452040302745736 0.11908912616902037
4 0.07500485635208379 0.5379868687264332 0.12841295855694457 0.14808912206825106
4 0.7913789852683765 0.5475242339518832 0.17277221212254273 0.14379889848454439