2 0.19814553888923336 0.49805407751401964 0.055086260222502265 0.203240758619377
2 0.6065055804920673 0.5278841796248778 0.050934853968424405 0.18742678826138523
2 0.44532197194822676 0.5230492728653495 0.055490713803820584 0.1804672102771691
2 0.35157197194822676 0.5181360435575645 0.044673406111512895 0.17990029920319386
2 0.28422230756181843 0.5158105199519751 0.045051154819957216 0.19071760689550155
2 0.5423839366279838 0.5365649340695879 0.04475735026894485 0.18230414535704
2 0.6601304260877292 0.5439398888409077 0.04608518958201612 0.18597290470713984
2 0.7465009993113265 0.5532828697404016 0.062465686998904764 0.20842639164305277
2 0.860599747461587 0.5616707772306527 0.05628818329942548 0.20330374873870755
2 0.12373695715030858 0.5254616802348544 0.052472553675075896 0.19710516299610056
4 0.5274152226815982 0.551434052637621 0.12202764148878185 0.1275672624636275
2 0.025449262149562373 0.5249152123994475 0.050898524299124746 0.21184319051583025
4 0.28338286598749757 0.5398489814904367 0.11589210986801841 0.12364654263620523
4 0.05439938880780371 0.5405351015898054 0.10879877761560743 0.15318558779499547
4 0.7600426625813667 0.5792791357877533 0.1744238591346471 0.1507085299025347