2 0.17540882166001015 0.5030815011224471 0.06446164732689799 0.20436420523578527
2 0.5833758829650549 0.5424608994727765 0.05958042051978351 0.1884659763815629
2 0.4220238542935906 0.5338624465482802 0.06379944009993165 0.18161874305898762
2 0.3282738542935907 0.5267584963384988 0.05298213240762396 0.18079905649632047
2 0.260868049864641 0.5228601474699377 0.05386514149894007 0.19161636418862818
2 0.5186928386755585 0.5496530871507456 0.05317835665013877 0.18320290265016664
2 0.6363831880927626 0.5597804861322658 0.05467461609083393 0.18689974816567678
2 0.7225292011461948 0.5711456709412949 0.07206563427346588 0.20971835525192234
2 0.8365156692113727 0.5822017641455157 0.06566357040382087 0.20445528152052608
2 0.09954059881501175 0.5287758477532591 0.061567240566765186 0.19817243728168832
4 0.5029943041761362 0.5641851717338561 0.12769778578545235 0.13031970667382803
2 0.015680894747377577 0.5258420558579845 0.031361789494755155 0.21305089562846918
4 0.25890580743949426 0.5468986090083993 0.12139383403706495 0.1262585560193547
4 0.04356436059733437 0.5419955821911363 0.08712872119466875 0.15610654899765727
4 0.7348919235228679 0.597478970973569 0.18104838415451935 0.15466867922537417