2 0.31820982948550736 0.31997979184006786 0.07310664153367998 0.2026643159060835
2 0.6080675656948108 0.3449989323923737 0.08602155977498291 0.22203494154874084
2 0.25746824330512785 0.35895795696027805 0.07660376375778782 0.2519571477011184
2 0.6745355509974356 0.36381097445279287 0.06670516288003316 0.19418092616167798
2 0.3750887634425759 0.36393431902754997 0.06679079054421368 0.2218111712897199
2 0.4780260097370578 0.503428166221885 0.08370665521266492 0.3012919364197198
2 0.16633606954494923 0.5082193466924464 0.08876791658555128 0.33258389334328614
2 0.10014467264999947 0.5351083528374817 0.09502778710801313 0.3122351148827268
4 0.30899938569959234 0.5435514697889489 0.2414911471642674 0.2586808728516769
2 0.7127335786117371 0.5506544913822332 0.09746128045903536 0.3386914082162233
2 0.8063716176777281 0.5541492175488061 0.09824500699709851 0.3555183312931462
4 0.5966771976230677 0.563734946751185 0.19925258414359867 0.20293088515398486