2 0.30897962942086515 0.31997979184006786 0.07900273891337542 0.2026643159060835
2 0.5982056409109155 0.3449989323923737 0.09247919023845888 0.22203494154874084
2 0.2470798812551884 0.35895795696027805 0.08393878966467073 0.2519571477011184
2 0.6641471889474961 0.36381097445279287 0.0723555895355745 0.19418092616167798
2 0.36459511393942756 0.36393431902754997 0.07324842100768951 0.2218111712897199
2 0.46349634119423694 0.503428166221885 0.0924806096467354 0.3012919364197198
2 0.15156073027797454 0.5082193466924464 0.09845436228076507 0.33258389334328614
2 0.08456212957509027 0.5351083528374817 0.10411760390171015 0.3122351148827268
4 0.2932413635360017 0.5435514697889489 0.24896655634209544 0.2586808728516769
2 0.696905364812674 0.5506544913822332 0.10732320524293033 0.3386914082162233
2 0.7904732122431923 0.5541492175488061 0.10859827322930143 0.3555183312931462
4 0.5804278340111692 0.563734946751185 0.2051135857055577 0.20293088515398486