2 0.3108284236284336 0.3413339001039674 0.07782176010397798 0.20675012001433865
2 0.600180968562348 0.3850089763958534 0.09118573725673794 0.22689165209251583
2 0.2491606534431742 0.37653462369013035 0.08246959578869437 0.25612004245292563
2 0.666227961135482 0.4081380944951837 0.07122381817656877 0.19788127705217315
2 0.3666969750347241 0.38906586882549676 0.07195496802596871 0.22543443153666315
2 0.466406610403109 0.5355749645830623 0.09072320070417984 0.3057631937457349
2 0.1545202069372381 0.5203996683736598 0.09651418280818376 0.33728642259995734
2 0.08768328785706896 0.543125779766888 0.10229692823722261 0.31740018800070974
4 0.2963976699968315 0.5649826686964006 0.24746924392303812 0.2734051857701057
2 0.7000757305450442 0.5979881465231514 0.10534787759149822 0.3439335719777581
2 0.7936576372471031 0.6074959428867789 0.10652453067708614 0.36076049505468116
4 0.5836825553727821 0.6036679001111126 0.20393963653193056 0.21511120683519827