2 0.3584746369197791 0.3117439995828516 0.07524982065219085 0.199875852548508
2 0.41639381456766333 0.33184804044689614 0.07298056112998548 0.16742392947158508
2 0.6478354185286587 0.34012084895206035 0.08517612187212255 0.22155941602047521
2 0.29676456342681445 0.357794676036928 0.07730044689378456 0.2635637904576163
2 0.7261032418352646 0.358904092812756 0.08157035264135332 0.2215384382687531
2 0.5433768675102167 0.49704213700717054 0.08144400268467746 0.30563809073383147
2 0.22615322185149503 0.5000901022356468 0.09567371631847812 0.3201380860798898
2 0.781223050109345 0.5281235136382436 0.10372572126972229 0.3321992723525649
2 0.1624007587919016 0.5341285405043998 0.09584180961641924 0.3225419322337358
2 0.8701400878103176 0.5444399780899265 0.11708969842248197 0.3514999674224081
4 0.37184629078106407 0.5545534388730353 0.24503189110289178 0.2224894296801591
4 0.6633840485882132 0.5624766181828296 0.21196637149183944 0.23070709886921364