2 0.31276755122111594 0.3176179026097881 0.07641674019004768 0.20023249846985974
2 0.36770963899590714 0.3387079200533542 0.07395768050204642 0.16778057539293664
2 0.5977502594872116 0.3510085477769891 0.08646957485384335 0.22196501334279672
2 0.24440280624711988 0.3625357549086697 0.07883993712746327 0.2639064502644052
2 0.673216115854436 0.37113439804384174 0.08286380562307426 0.22192305641923035
2 0.4705257270862938 0.505915926222864 0.08322953017031381 0.30598774359790176
2 0.15312695849386077 0.5034256400259429 0.09754359943335725 0.3205646625740555
2 0.7036435904752156 0.5411090349727925 0.10566590074230356 0.332667807190419
2 0.08447105329034948 0.5363102759144048 0.09772575200283876 0.32296850872790167
2 0.7901089071042292 0.5589569098564984 0.11914235206738674 0.35203843283307634
4 0.29076437247270764 0.5603644072246833 0.2463253440846126 0.22382510362090768
4 0.5809011468101659 0.5733643170077584 0.21330903192395212 0.2318469672060828