2 0.3511493634266375 0.31565984657099466 0.0705908344458248 0.19987585254850815
2 0.40859141598109877 0.33642119032233464 0.06907936183670316 0.16742392947158494
2 0.6398084904863656 0.34737915104793965 0.08001194439036752 0.22155941602047535
2 0.2883727750189626 0.36095532396307206 0.07115395304321755 0.2635637904576163
2 0.7176272548815146 0.3670574456487824 0.07640617515959829 0.2215384382687531
2 0.5317013358123359 0.5029578629928294 0.07431519246529834 0.30563809073383147
2 0.2144496239716481 0.5023137439181994 0.08820811191550618 0.3201380860798898
2 0.7687897314983806 0.5367803325156026 0.09597945504708988 0.3321992723525649
2 0.14991130781700504 0.5355829979571387 0.08832007284951524 0.3225419322337358
2 0.8573138426518283 0.5541177142177657 0.10889437328839253 0.3514999674224082
4 0.3588516485307784 0.558427330357734 0.23986771362113674 0.2224894296801591
4 0.6501648768821991 0.5697349202787089 0.20660573073632202 0.23070709886921364